0,05 0,15
0,03 0,20
0,00 0,25
-0,05 0,29
-0,11 0,34
-0,19 0,37
-0,28 0,39
-0,39 0,39
-0,51 0,37
-0,64 0,32
-0,76 0,25
-0,88 0,14
-0,99 0,00
-1,07 -0,17
-1,14 -0,37
-1,16 -0,59
-1,15 -0,84
-1,09 -1,09
-0,98 -1,35
-0,82 -1,60
-0,60 -1,84
-0,32 -2,05
0,00 -2,22
0,37 -2,34
0,78 -2,40
1,22 -2,39
1,68 -2,31
2,14 -2,14
2,59 -1,88
3,01 -1,53
3,39 -1,10
3,71 -0,59
3,95 0,00
4,10 0,65
4,14 1,34
4,06 2,07
3,86 2,81
3,53 3,53
3,07 4,22
2,47 4,86
1,76 5,41
0,93 5,85
0,00 6,17
-1,00 6,34
-2,06 6,35
-3,15 6,18
-4,23 5,82
-5,28 5,28
-6,26 4,55
-7,14 3,64
-7,89 2,56
-8,48 1,34
-8,88 0,00
-9,07 -1,44
-9,02 -2,93
-8,73 -4,45
-8,18 -5,94
-7,37 -7,37
-6,32 -8,70
-5,03 -9,87
-3,53 -10,85
-1,84 -11,60
0,00 -12,09
1,95 -12,29
3,95 -12,16
5,97 -11,72
7,94 -10,93
9,81 -9,81
11,53 -8,38
13,03 -6,64
14,28 -4,64
15,21 -2,41
15,79 0,00
15,99 2,53
15,78 5,13
15,15 7,72
14,08 10,23
12,61 12,61
10,73 14,76
8,48 16,64
5,90 18,17
3,06 19,30
0,00 19,99
-3,20 20,18
-6,45 19,86
-9,69 19,01
-12,81 17,64
-15,75 15,75
-18,40 13,37
-20,69 10,54
-22,54 7,32
-23,89 3,78
-24,67 0,00
-24,86 -3,94
-24,41 -7,93
-23,32 -11,88
-21,59 -15,69
-19,24 -19,24
-16,30 -22,43
-12,82 -25,17
-8,89 -27,37
-4,59 -28,95
0,00 -29,86
4,76 -30,03
9,56 -29,44
14,30 -28,07
18,85 -25,94
23,07 -23,07
26,86 -19,52
30,09 -15,33
32,67 -10,62
34,51 -5,47
35,53 0,00
35,68 5,65
34,93 11,35
33,26 16,95
30,69 22,30
27,26 27,26
23,02 31,69
18,07 35,46
12,49 38,45
6,42 40,55
0,00 41,70
-6,62 41,82
-13,29 40,89
-19,81 38,89
-26,04 35,84
-31,80 31,80
-36,92 26,82
-41,26 21,02
-44,69 14,52
-47,09 7,46
-48,36 0,00
-48,45 -7,67
-47,32 -15,37
-44,96 -22,91
-41,39 -30,07
-36,68 -36,68
-30,91 -42,55
-24,21 -47,51
-16,70 -51,40
-8,57 -54,10
0,00 -55,52
8,80 -55,57
17,62 -54,22
26,22 -51,46
34,40 -47,34
41,92 -41,92
48,58 -35,29
54,19 -27,61
58,58 -19,03
61,61 -9,76
63,17 0,00
63,17 10,01
61,59 20,01
58,41 29,76
53,69 39,01
47,50 47,50
39,96 55,01
31,24 61,31
21,52 66,23
11,02 69,60
0,00 71,31
-11,29 71,26
-22,56 69,42
-33,53 65,80
-43,91 60,44
-53,43 53,43
-61,83 44,92
-68,88 35,09
-74,35 24,16
-78,08 12,37
-79,94 0,00
-79,84 -12,65
-77,73 -25,26
-73,62 -37,51
-67,58 -49,10
-59,71 -59,71
-50,17 -69,06
-39,17 -76,88
-26,95 -82,94
-13,79 -87,05
0,00 -89,07
14,08 -88,91
28,11 -86,51
41,73 -81,89
54,58 -75,13
66,34 -66,34
76,68 -55,71
85,32 -43,47
92,00 -29,89
96,51 -15,29
98,70 0,00
98,46 15,59
95,75 31,11