1001a	14647822,30	5996454,57	
1001b	14656203,13	5989982,08	
1002a	14648179,70	5996810,31	
1002b	14656498,52	5990385,70	
1003a	14648537,09	5997166,05	
1003b	14656793,92	5990789,32	
1004a	14648894,48	5997521,79	
1004b	14657089,32	5991192,94	
1005a	14649251,87	5997877,53	
1005b	14657384,71	5991596,55	
1006a	14649609,26	5998233,27	
1006b	14657680,11	5992000,17	
1007a	14649966,65	5998589,01	
1007b	14657975,50	5992403,79	
1008a	14650324,04	5998944,76	
1008b	14658270,90	5992807,41	
1009a	14650681,43	5999300,50	
1009b	14658566,30	5993211,03	
1010a	14651038,82	5999656,24	
1010b	14658861,69	5993614,65	
1011a	14651396,21	6000011,98	
1011b	14659157,09	5994018,27	
1012a	14651753,60	6000367,72	
1012b	14659452,48	5994421,89	
1013a	14652110,99	6000723,46	
1013b	14659747,88	5994825,50	
1014a	14652468,38	6001079,20	
1014b	14660043,28	5995229,12	
1015a	14652825,77	6001434,94	
1015b	14660338,67	5995632,74	
1016a	14653130,73	6001831,17	
1016b	14660634,07	5996036,36	
1017a	14653425,02	6002235,64	
1017b	14660929,46	5996439,98	
1018a	14653719,31	6002640,12	
1018b	14661224,86	5996843,60	
1019a	14654013,60	6003044,59	
1019b	14661520,25	5997247,22	
1020a	14654307,89	6003449,06	
1020b	14661815,65	5997650,84	
1021a	14654602,17	6003853,54	
1021b	14662111,05	5998054,45	
1022a	14654896,46	6004258,01	
1022b	14662406,44	5998458,07	
1023a	14655190,75	6004662,49	
1023b	14662701,84	5998861,69	
1024a	14655485,04	6005066,96	
1024b	14662997,23	5999265,31	
1025a	14655779,33	6005471,43	
1025b	14663292,63	5999668,93	
1026a	14656073,62	6005875,91	
1026b	14663588,03	6000072,55	
1027a	14656367,90	6006280,38	
1027b	14663883,42	6000476,17	
1028a	14656662,19	6006684,86	
1028b	14664178,82	6000879,79	
1029a	14656956,48	6007089,33	
1029b	14664474,21	6001283,40	
1030a	14657250,77	6007493,80	
1030b	14664769,61	6001687,02	
1031a	14657545,06	6007898,28	
1031b	14665065,01	6002090,64	
1032a	14657839,35	6008302,75	
1032b	14665360,40	6002494,26	
1033a	14658133,63	6008707,23	
1033b	14665655,80	6002897,88	
1034a	14658427,92	6009111,70	
1034b	14665951,19	6003301,50	
1035a	14658722,21	6009516,18	
1035b	14666246,59	6003705,12	
1036a	14659016,50	6009920,65	
1036b	14666541,98	6004108,73	
1037a	14659310,79	6010325,12	
1037b	14666837,38	6004512,35	
1038a	14659605,08	6010729,60	
1038b	14667132,78	6004915,97	
1039a	14659899,36	6011134,07	
1039b	14667428,17	6005319,59	
1040a	14660193,65	6011538,55	
1040b	14667723,57	6005723,21	
1041a	14660487,94	6011943,02	
1041b	14668018,96	6006126,83	
1042a	14660782,23	6012347,49	
1042b	14668314,36	6006530,45	
1043a	14661055,09	6012768,51	
1043b	14668609,76	6006934,07	
1044a	14661308,89	6013204,26	
1044b	14668905,15	6007337,68	
1045a	14661562,68	6013640,01	
1045b	14669200,55	6007741,30	
1046a	14661816,48	6014075,75	
1046b	14669495,94	6008144,92	
1047a	14662070,27	6014511,50	
1047b	14669791,34	6008548,54	
1048a	14662324,07	6014947,25	
1048b	14670086,74	6008952,16	
1049a	14662577,86	6015383,00	
1049b	14670382,13	6009355,78	
1050a	14662831,66	6015818,74	
1050b	14670677,53	6009759,40	
1051a	14663085,45	6016254,49	
1051b	14670972,92	6010163,02	
1052a	14663339,25	6016690,24	
1052b	14671268,32	6010566,63	
1053a	14663593,04	6017125,99	
1053b	14671563,71	6010970,25	
1054a	14663846,83	6017561,73	
1054b	14671859,11	6011373,87	
1055a	14664100,63	6017997,48	
1055b	14672154,51	6011777,49	
1056a	14664354,42	6018433,23	
1056b	14672449,90	6012181,11	
1057a	14664608,22	6018868,98	
1057b	14672745,30	6012584,73	
1058a	14664862,01	6019304,72	
1058b	14673040,69	6012988,35	
1059a	14665115,81	6019740,47	
1059b	14673336,09	6013391,97	
1060a	14665369,60	6020176,22	
1060b	14673631,49	6013795,58	
1061a	14665623,40	6020611,96	
1061b	14673926,88	6014199,20	
1062a	14665877,19	6021047,71	
1062b	14674222,28	6014602,82	
1063a	14666130,99	6021483,46	
1063b	14674517,67	6015006,44	
1064a	14666392,93	6021912,91	
1064b	14674813,07	6015410,06	
1065a	14666743,13	6022274,21	
1065b	14675108,47	6015813,68	
1066a	14667093,32	6022635,51	
1066b	14675403,86	6016217,30	
1067a	14667443,51	6022996,81	
1067b	14675699,26	6016620,91	
1068a	14667793,71	6023358,10	
1068b	14675994,65	6017024,53	
1069a	14668143,90	6023719,40	
1069b	14676290,05	6017428,15	
1070a	14668494,09	6024080,70	
1070b	14676585,45	6017831,77	
1071a	14668844,29	6024442,00	
1071b	14676880,84	6018235,39	
1072a	14669194,48	6024803,30	
1072b	14677176,24	6018639,01	
1073a	14669544,67	6025164,60	
1073b	14677471,63	6019042,63	
1074a	14669894,87	6025525,90	
1074b	14677767,03	6019446,25	
1075a	14670245,06	6025887,20	
1075b	14678062,42	6019849,86	
1076a	14670595,25	6026248,49	
1076b	14678357,82	6020253,48	
1077a	14670945,45	6026609,79	
1077b	14678653,22	6020657,10	
1078a	14671295,64	6026971,09	
1078b	14678948,61	6021060,72	
1079a	14671645,83	6027332,39	
1079b	14679244,01	6021464,34	
1080a	14671996,03	6027693,69	
1080b	14679539,40	6021867,96	
1081a	14672346,22	6028054,99	
1081b	14679834,80	6022271,58	
1082a	14672696,41	6028416,29	
1082b	14680130,20	6022675,20	
1083a	14673046,61	6028777,59	
1083b	14680425,59	6023078,81	
1084a	14673396,80	6029138,88	
1084b	14680720,99	6023482,43	
1085a	14673746,99	6029500,18	
1085b	14681016,38	6023886,05	
1086a	14674097,19	6029861,48	
1086b	14681311,78	6024289,67	
1087a	14674447,38	6030222,78	
1087b	14681607,18	6024693,29	
1088a	14674797,57	6030584,08	
1088b	14681902,57	6025096,91	
1089a	14675147,77	6030945,38	
1089b	14682197,97	6025500,53	
1090a	14675497,96	6031306,68	
1090b	14682493,36	6025904,15	
1091a	14675848,15	6031667,98	
1091b	14682788,76	6026307,76	
1092a	14676198,35	6032029,27	
1092b	14683084,15	6026711,38	
1093a	14676548,54	6032390,57	
1093b	14683379,55	6027115,00	
1094a	14677092,62	6032602,14	
1094b	14683674,95	6027518,62	
1095a	14679050,56	6031721,78	
1095b	14683970,34	6027922,24	
1096a	14681008,49	6030841,42	
1096b	14684265,74	6028325,86	
1097a	14682966,43	6029961,06	
1097b	14684561,13	6028729,48	
